(0.206, 0.094, 0.065, 0.136, 0.499) + (0.274, 0.154, 0.229, 0.086, 0.258) = (0.014, 0.057, 0.664, 0.164, 0.101)    sum = 1.000

(0.191, 0.237, 0.071, 0.108, 0.394) + (0.349, 0.121, 0.302, 0.128, 0.1) = (0.029, 0.093, 0.653, 0.154, 0.071)    sum = 1.000

(0.079, 0.252, 0.246, 0.275, 0.148) + (0.14, 0.381, 0.127, 0.122, 0.23) = (0.096, 0.047, 0.611, 0.132, 0.114)    sum = 1.000

(0.203, 0.138, 0.264, 0.171, 0.225) + (0.276, 0.205, 0.188, 0.022, 0.309) = (0.028, 0.072, 0.685, 0.126, 0.089)    sum = 1.000

(0.378, 0.276, 0.076, 0.079, 0.192) + (0.085, 0.249, 0.104, 0.388, 0.173) = (0.069, 0.089, 0.556, 0.19, 0.096)    sum = 1.000

(0.265, 0.229, 0.246, 0.202, 0.058) + (0.021, 0.318, 0.381, 0.133, 0.147) = (0.073, 0.061, 0.711, 0.103, 0.052)    sum = 1.000

(0.241, 0.153, 0.328, 0.097, 0.182) + (0.356, 0.302, 0.182, 0.036, 0.124) = (0.046, 0.113, 0.666, 0.101, 0.074)    sum = 1.000

(0.437, 0.027, 0.243, 0.158, 0.135) + (0.284, 0.192, 0.166, 0.3, 0.058) = (0.005, 0.102, 0.739, 0.127, 0.027)    sum = 1.000

(0.262, 0.342, 0.013, 0.07, 0.314) + (0.062, 0.072, 0.345, 0.376, 0.145) = (0.025, 0.032, 0.709, 0.162, 0.072)    sum = 1.000

(0.259, 0.308, 0.098, 0.308, 0.028) + (0.143, 0.367, 0.017, 0.206, 0.267) = (0.113, 0.105, 0.49, 0.199, 0.093)    sum = 1.000

(0.228, 0.005, 0.033, 0.364, 0.37) + (0.066, 0.042, 0.126, 0.383, 0.383) = (0.0, 0.012, 0.848, 0.123, 0.017)    sum = 1.000

(0.194, 0.34, 0.011, 0.294, 0.161) + (0.017, 0.182, 0.231, 0.252, 0.318) = (0.062, 0.028, 0.619, 0.154, 0.137)    sum = 1.000

(0.17, 0.299, 0.078, 0.312, 0.141) + (0.24, 0.135, 0.198, 0.303, 0.124) = (0.04, 0.077, 0.66, 0.167, 0.056)    sum = 1.000

(0.283, 0.262, 0.202, 0.223, 0.029) + (0.285, 0.051, 0.004, 0.43, 0.23) = (0.013, 0.086, 0.646, 0.193, 0.062)    sum = 1.000

(0.052, 0.241, 0.08, 0.337, 0.29) + (0.352, 0.2, 0.229, 0.027, 0.192) = (0.048, 0.07, 0.614, 0.164, 0.104)    sum = 1.000

(0.14, 0.155, 0.153, 0.208, 0.344) + (0.09, 0.152, 0.233, 0.232, 0.293) = (0.024, 0.028, 0.74, 0.11, 0.098)    sum = 1.000

(0.28, 0.244, 0.176, 0.182, 0.118) + (0.336, 0.019, 0.197, 0.235, 0.213) = (0.005, 0.09, 0.702, 0.149, 0.054)    sum = 1.000

(0.228, 0.231, 0.269, 0.183, 0.089) + (0.291, 0.271, 0.269, 0.058, 0.11) = (0.063, 0.108, 0.681, 0.098, 0.05)    sum = 1.000

(0.162, 0.204, 0.253, 0.184, 0.197) + (0.005, 0.277, 0.286, 0.312, 0.119) = (0.057, 0.031, 0.726, 0.107, 0.079)    sum = 1.000

(0.235, 0.126, 0.27, 0.323, 0.045) + (0.027, 0.277, 0.168, 0.113, 0.415) = (0.035, 0.048, 0.705, 0.147, 0.065)    sum = 1.000

(0.236, 0.25, 0.103, 0.353, 0.058) + (0.022, 0.374, 0.022, 0.238, 0.343) = (0.093, 0.064, 0.532, 0.204, 0.107)    sum = 1.000

(0.403, 0.196, 0.055, 0.091, 0.254) + (0.249, 0.107, 0.259, 0.19, 0.195) = (0.021, 0.095, 0.66, 0.159, 0.065)    sum = 1.000

(0.227, 0.2, 0.285, 0.045, 0.243) + (0.061, 0.247, 0.293, 0.048, 0.351) = (0.049, 0.05, 0.69, 0.081, 0.13)    sum = 1.000

(0.134, 0.27, 0.118, 0.252, 0.227) + (0.061, 0.223, 0.266, 0.254, 0.195) = (0.06, 0.034, 0.677, 0.126, 0.103)    sum = 1.000

(0.535, 0.075, 0.047, 0.251, 0.091) + (0.082, 0.081, 0.328, 0.003, 0.506) = (0.006, 0.048, 0.694, 0.207, 0.045)    sum = 1.000

(0.207, 0.226, 0.256, 0.257, 0.054) + (0.312, 0.333, 0.096, 0.165, 0.094) = (0.075, 0.114, 0.628, 0.144, 0.039)    sum = 1.000

(0.161, 0.027, 0.062, 0.401, 0.349) + (0.23, 0.024, 0.169, 0.261, 0.316) = (0.001, 0.019, 0.82, 0.143, 0.017)    sum = 1.000

(0.328, 0.077, 0.139, 0.294, 0.162) + (0.38, 0.091, 0.051, 0.43, 0.048) = (0.007, 0.081, 0.718, 0.176, 0.018)    sum = 1.000

(0.177, 0.262, 0.112, 0.312, 0.136) + (0.31, 0.018, 0.242, 0.234, 0.197) = (0.005, 0.075, 0.724, 0.142, 0.054)    sum = 1.000

(0.242, 0.038, 0.458, 0.148, 0.115) + (0.02, 0.076, 0.561, 0.263, 0.079) = (0.003, 0.014, 0.92, 0.051, 0.012)    sum = 1.000

(0.101, 0.453, 0.068, 0.052, 0.325) + (0.262, 0.159, 0.203, 0.289, 0.087) = (0.072, 0.099, 0.568, 0.17, 0.091)    sum = 1.000

(0.257, 0.204, 0.305, 0.126, 0.107) + (0.075, 0.332, 0.176, 0.338, 0.079) = (0.068, 0.074, 0.681, 0.125, 0.052)    sum = 1.000

(0.298, 0.128, 0.222, 0.134, 0.218) + (0.049, 0.274, 0.19, 0.322, 0.166) = (0.035, 0.063, 0.695, 0.126, 0.081)    sum = 1.000

(0.18, 0.237, 0.195, 0.23, 0.158) + (0.306, 0.053, 0.178, 0.273, 0.189) = (0.013, 0.073, 0.715, 0.146, 0.053)    sum = 1.000

(0.191, 0.276, 0.069, 0.356, 0.108) + (0.236, 0.114, 0.199, 0.122, 0.329) = (0.031, 0.073, 0.649, 0.144, 0.103)    sum = 1.000

(0.1, 0.271, 0.288, 0.315, 0.027) + (0.215, 0.297, 0.23, 0.117, 0.141) = (0.08, 0.066, 0.685, 0.123, 0.046)    sum = 1.000

(0.207, 0.091, 0.263, 0.261, 0.178) + (0.125, 0.254, 0.28, 0.094, 0.247) = (0.023, 0.051, 0.742, 0.116, 0.068)    sum = 1.000

(0.672, 0.136, 0.079, 0.054, 0.059) + (0.019, 0.032, 0.308, 0.325, 0.316) = (0.004, 0.02, 0.685, 0.246, 0.045)    sum = 1.000

(0.028, 0.445, 0.095, 0.048, 0.383) + (0.375, 0.211, 0.146, 0.071, 0.198) = (0.094, 0.119, 0.484, 0.134, 0.169)    sum = 1.000

(0.447, 0.255, 0.236, 0.052, 0.01) + (0.128, 0.279, 0.273, 0.129, 0.192) = (0.071, 0.124, 0.642, 0.111, 0.052)    sum = 1.000

(0.138, 0.258, 0.111, 0.196, 0.298) + (0.316, 0.077, 0.218, 0.095, 0.294) = (0.02, 0.076, 0.664, 0.141, 0.099)    sum = 1.000

(0.085, 0.032, 0.148, 0.432, 0.303) + (0.207, 0.35, 0.251, 0.021, 0.172) = (0.011, 0.03, 0.664, 0.183, 0.112)    sum = 1.000

(0.205, 0.067, 0.329, 0.385, 0.015) + (0.017, 0.212, 0.167, 0.427, 0.177) = (0.014, 0.031, 0.811, 0.129, 0.015)    sum = 1.000

(0.248, 0.188, 0.153, 0.196, 0.215) + (0.361, 0.409, 0.159, 0.019, 0.052) = (0.077, 0.143, 0.541, 0.141, 0.098)    sum = 1.000

(0.279, 0.15, 0.091, 0.475, 0.005) + (0.146, 0.207, 0.231, 0.206, 0.21) = (0.031, 0.067, 0.701, 0.168, 0.033)    sum = 1.000

(0.111, 0.391, 0.123, 0.149, 0.226) + (0.225, 0.147, 0.198, 0.22, 0.209) = (0.057, 0.078, 0.609, 0.141, 0.115)    sum = 1.000

(0.139, 0.483, 0.08, 0.065, 0.232) + (0.43, 0.146, 0.145, 0.147, 0.132) = (0.071, 0.172, 0.51, 0.149, 0.098)    sum = 1.000

(0.211, 0.215, 0.109, 0.233, 0.231) + (0.0, 0.401, 0.127, 0.374, 0.097) = (0.086, 0.056, 0.589, 0.156, 0.113)    sum = 1.000

(0.277, 0.317, 0.045, 0.265, 0.096) + (0.187, 0.154, 0.15, 0.26, 0.248) = (0.049, 0.085, 0.593, 0.18, 0.093)    sum = 1.000

(0.223, 0.186, 0.234, 0.004, 0.352) + (0.15, 0.191, 0.142, 0.31, 0.208) = (0.036, 0.058, 0.672, 0.128, 0.106)    sum = 1.000

(0.238, 0.068, 0.369, 0.221, 0.105) + (0.278, 0.155, 0.26, 0.237, 0.069) = (0.011, 0.059, 0.806, 0.103, 0.021)    sum = 1.000

(0.293, 0.081, 0.393, 0.042, 0.19) + (0.272, 0.317, 0.013, 0.105, 0.293) = (0.026, 0.103, 0.667, 0.12, 0.084)    sum = 1.000

(0.345, 0.255, 0.022, 0.077, 0.301) + (0.349, 0.104, 0.347, 0.065, 0.135) = (0.027, 0.123, 0.65, 0.134, 0.066)    sum = 1.000

(0.123, 0.306, 0.238, 0.063, 0.27) + (0.278, 0.396, 0.134, 0.069, 0.123) = (0.121, 0.101, 0.533, 0.1, 0.145)    sum = 1.000

(0.346, 0.183, 0.289, 0.073, 0.11) + (0.125, 0.138, 0.556, 0.042, 0.139) = (0.025, 0.061, 0.812, 0.061, 0.041)    sum = 1.000

(0.103, 0.125, 0.311, 0.258, 0.203) + (0.3, 0.104, 0.138, 0.366, 0.092) = (0.013, 0.042, 0.778, 0.134, 0.033)    sum = 1.000

(0.215, 0.238, 0.205, 0.085, 0.257) + (0.301, 0.165, 0.116, 0.293, 0.125) = (0.039, 0.093, 0.641, 0.155, 0.072)    sum = 1.000

(0.113, 0.132, 0.42, 0.17, 0.165) + (0.043, 0.27, 0.574, 0.084, 0.03) = (0.036, 0.026, 0.838, 0.051, 0.049)    sum = 1.000

(0.217, 0.247, 0.211, 0.157, 0.168) + (0.157, 0.173, 0.358, 0.277, 0.035) = (0.043, 0.062, 0.742, 0.115, 0.038)    sum = 1.000

(0.06, 0.222, 0.259, 0.27, 0.188) + (0.306, 0.271, 0.101, 0.128, 0.194) = (0.06, 0.062, 0.64, 0.144, 0.094)    sum = 1.000

(0.163, 0.422, 0.17, 0.207, 0.038) + (0.166, 0.185, 0.298, 0.348, 0.002) = (0.078, 0.076, 0.68, 0.158, 0.008)    sum = 1.000

(0.2, 0.292, 0.174, 0.323, 0.012) + (0.215, 0.25, 0.116, 0.263, 0.155) = (0.073, 0.09, 0.621, 0.168, 0.048)    sum = 1.000

(0.059, 0.354, 0.289, 0.079, 0.219) + (0.169, 0.217, 0.25, 0.244, 0.121) = (0.077, 0.052, 0.673, 0.108, 0.09)    sum = 1.000

(0.262, 0.079, 0.313, 0.266, 0.08) + (0.288, 0.067, 0.359, 0.028, 0.259) = (0.005, 0.052, 0.815, 0.102, 0.026)    sum = 1.000

(0.372, 0.016, 0.143, 0.284, 0.185) + (0.234, 0.37, 0.249, 0.143, 0.004) = (0.006, 0.123, 0.661, 0.141, 0.069)    sum = 1.000

(0.202, 0.294, 0.012, 0.463, 0.03) + (0.36, 0.07, 0.095, 0.3, 0.175) = (0.021, 0.104, 0.634, 0.187, 0.054)    sum = 1.000

(0.232, 0.313, 0.104, 0.114, 0.237) + (0.083, 0.193, 0.374, 0.183, 0.167) = (0.06, 0.054, 0.679, 0.109, 0.098)    sum = 1.000

(0.182, 0.415, 0.054, 0.127, 0.222) + (0.088, 0.069, 0.533, 0.177, 0.133) = (0.029, 0.038, 0.764, 0.098, 0.071)    sum = 1.000

(0.042, 0.205, 0.206, 0.345, 0.203) + (0.099, 0.176, 0.214, 0.286, 0.224) = (0.036, 0.02, 0.747, 0.115, 0.082)    sum = 1.000

(0.2, 0.275, 0.219, 0.251, 0.055) + (0.243, 0.482, 0.187, 0.012, 0.075) = (0.133, 0.125, 0.572, 0.123, 0.047)    sum = 1.000

(0.279, 0.262, 0.165, 0.031, 0.262) + (0.024, 0.314, 0.179, 0.162, 0.32) = (0.082, 0.065, 0.573, 0.114, 0.166)    sum = 1.000

(0.208, 0.109, 0.107, 0.328, 0.249) + (0.269, 0.384, 0.12, 0.107, 0.12) = (0.042, 0.091, 0.568, 0.19, 0.109)    sum = 1.000

(0.218, 0.165, 0.268, 0.29, 0.06) + (0.135, 0.324, 0.079, 0.234, 0.227) = (0.053, 0.072, 0.661, 0.157, 0.057)    sum = 1.000

(0.058, 0.109, 0.226, 0.322, 0.286) + (0.04, 0.268, 0.34, 0.065, 0.287) = (0.029, 0.014, 0.762, 0.087, 0.108)    sum = 1.000

(0.028, 0.033, 0.036, 0.704, 0.2) + (0.078, 0.189, 0.174, 0.367, 0.192) = (0.006, 0.006, 0.812, 0.132, 0.044)    sum = 1.000

(0.288, 0.145, 0.071, 0.211, 0.286) + (0.405, 0.119, 0.014, 0.097, 0.365) = (0.017, 0.101, 0.584, 0.211, 0.087)    sum = 1.000

(0.315, 0.357, 0.009, 0.264, 0.055) + (0.116, 0.28, 0.256, 0.099, 0.249) = (0.1, 0.099, 0.547, 0.15, 0.104)    sum = 1.000

(0.096, 0.446, 0.031, 0.201, 0.225) + (0.174, 0.026, 0.264, 0.285, 0.251) = (0.012, 0.059, 0.66, 0.151, 0.118)    sum = 1.000

(0.244, 0.011, 0.265, 0.301, 0.179) + (0.12, 0.318, 0.169, 0.071, 0.321) = (0.003, 0.062, 0.726, 0.149, 0.06)    sum = 1.000

(0.096, 0.268, 0.087, 0.233, 0.316) + (0.296, 0.083, 0.193, 0.217, 0.211) = (0.022, 0.068, 0.67, 0.157, 0.083)    sum = 1.000

(0.008, 0.133, 0.298, 0.121, 0.44) + (0.205, 0.37, 0.059, 0.01, 0.357) = (0.049, 0.021, 0.619, 0.101, 0.21)    sum = 1.000

(0.367, 0.106, 0.066, 0.21, 0.251) + (0.224, 0.288, 0.228, 0.048, 0.212) = (0.031, 0.114, 0.605, 0.155, 0.095)    sum = 1.000

(0.132, 0.228, 0.335, 0.128, 0.178) + (0.257, 0.291, 0.223, 0.18, 0.049) = (0.066, 0.076, 0.689, 0.106, 0.063)    sum = 1.000

(0.279, 0.252, 0.078, 0.205, 0.184) + (0.172, 0.368, 0.185, 0.073, 0.201) = (0.093, 0.113, 0.536, 0.14, 0.118)    sum = 1.000

(0.351, 0.151, 0.079, 0.015, 0.404) + (0.122, 0.011, 0.2, 0.31, 0.356) = (0.002, 0.029, 0.727, 0.184, 0.058)    sum = 1.000

(0.066, 0.152, 0.082, 0.321, 0.379) + (0.158, 0.279, 0.313, 0.231, 0.019) = (0.042, 0.032, 0.671, 0.146, 0.109)    sum = 1.000

(0.087, 0.328, 0.258, 0.154, 0.174) + (0.233, 0.132, 0.038, 0.346, 0.251) = (0.043, 0.065, 0.634, 0.153, 0.105)    sum = 1.000

(0.188, 0.19, 0.232, 0.263, 0.127) + (0.269, 0.145, 0.167, 0.308, 0.11) = (0.028, 0.069, 0.72, 0.144, 0.039)    sum = 1.000

(0.142, 0.261, 0.101, 0.253, 0.242) + (0.252, 0.189, 0.072, 0.223, 0.263) = (0.049, 0.074, 0.595, 0.168, 0.114)    sum = 1.000

(0.335, 0.059, 0.367, 0.032, 0.207) + (0.179, 0.04, 0.196, 0.389, 0.195) = (0.002, 0.036, 0.812, 0.13, 0.02)    sum = 1.000

(0.163, 0.211, 0.162, 0.215, 0.25) + (0.33, 0.178, 0.198, 0.273, 0.021) = (0.038, 0.084, 0.669, 0.16, 0.049)    sum = 1.000

(0.201, 0.305, 0.161, 0.328, 0.006) + (0.266, 0.184, 0.19, 0.337, 0.023) = (0.056, 0.097, 0.674, 0.165, 0.008)    sum = 1.000

(0.0, 0.124, 0.21, 0.334, 0.331) + (0.052, 0.062, 0.371, 0.087, 0.428) = (0.008, 0.004, 0.876, 0.038, 0.074)    sum = 1.000

(0.012, 0.362, 0.394, 0.158, 0.074) + (0.026, 0.367, 0.148, 0.316, 0.142) = (0.133, 0.009, 0.659, 0.12, 0.079)    sum = 1.000

(0.051, 0.239, 0.244, 0.454, 0.013) + (0.015, 0.37, 0.046, 0.353, 0.215) = (0.088, 0.015, 0.657, 0.184, 0.056)    sum = 1.000

(0.135, 0.373, 0.298, 0.077, 0.116) + (0.342, 0.337, 0.057, 0.029, 0.235) = (0.126, 0.131, 0.534, 0.082, 0.127)    sum = 1.000

(0.294, 0.036, 0.333, 0.05, 0.288) + (0.333, 0.169, 0.207, 0.22, 0.071) = (0.006, 0.074, 0.753, 0.116, 0.051)    sum = 1.000

(0.144, 0.196, 0.218, 0.24, 0.202) + (0.101, 0.261, 0.129, 0.255, 0.254) = (0.051, 0.043, 0.67, 0.133, 0.103)    sum = 1.000

(0.319, 0.024, 0.362, 0.26, 0.034) + (0.345, 0.105, 0.313, 0.077, 0.16) = (0.003, 0.065, 0.826, 0.099, 0.007)    sum = 1.000

(0.104, 0.234, 0.206, 0.141, 0.315) + (0.058, 0.246, 0.198, 0.307, 0.19) = (0.058, 0.028, 0.682, 0.11, 0.122)    sum = 1.000

(0.132, 0.425, 0.348, 0.011, 0.085) + (0.04, 0.431, 0.352, 0.046, 0.131) = (0.183, 0.051, 0.642, 0.032, 0.092)    sum = 1.000

(0.13, 0.343, 0.109, 0.164, 0.253) + (0.412, 0.306, 0.228, 0.006, 0.048) = (0.105, 0.139, 0.531, 0.131, 0.094)    sum = 1.000

(0.275, 0.229, 0.361, 0.07, 0.065) + (0.176, 0.187, 0.215, 0.218, 0.205) = (0.043, 0.077, 0.71, 0.111, 0.059)    sum = 1.000

(0.331, 0.001, 0.321, 0.155, 0.192) + (0.109, 0.232, 0.254, 0.231, 0.174) = (0.0, 0.063, 0.784, 0.108, 0.045)    sum = 1.000

(0.037, 0.321, 0.243, 0.342, 0.057) + (0.357, 0.105, 0.132, 0.314, 0.092) = (0.034, 0.083, 0.695, 0.152, 0.036)    sum = 1.000

(0.261, 0.291, 0.162, 0.03, 0.256) + (0.443, 0.155, 0.087, 0.071, 0.245) = (0.045, 0.151, 0.547, 0.146, 0.111)    sum = 1.000

(0.118, 0.287, 0.265, 0.087, 0.242) + (0.194, 0.296, 0.202, 0.024, 0.284) = (0.085, 0.068, 0.612, 0.082, 0.153)    sum = 1.000

(0.253, 0.261, 0.173, 0.273, 0.041) + (0.192, 0.175, 0.244, 0.175, 0.214) = (0.046, 0.079, 0.676, 0.136, 0.063)    sum = 1.000

(0.21, 0.242, 0.173, 0.037, 0.338) + (0.028, 0.174, 0.217, 0.216, 0.364) = (0.042, 0.031, 0.668, 0.112, 0.147)    sum = 1.000

(0.23, 0.143, 0.178, 0.187, 0.263) + (0.05, 0.097, 0.069, 0.768, 0.016) = (0.014, 0.023, 0.776, 0.159, 0.028)    sum = 1.000

(0.208, 0.049, 0.25, 0.426, 0.067) + (0.401, 0.224, 0.118, 0.015, 0.242) = (0.011, 0.072, 0.716, 0.174, 0.027)    sum = 1.000

(0.089, 0.311, 0.073, 0.167, 0.361) + (0.477, 0.334, 0.174, 0.004, 0.011) = (0.104, 0.133, 0.459, 0.18, 0.124)    sum = 1.000

(0.242, 0.09, 0.286, 0.084, 0.299) + (0.017, 0.255, 0.275, 0.216, 0.237) = (0.023, 0.044, 0.748, 0.087, 0.098)    sum = 1.000

(0.117, 0.03, 0.159, 0.224, 0.47) + (0.247, 0.256, 0.06, 0.166, 0.271) = (0.008, 0.035, 0.664, 0.165, 0.128)    sum = 1.000

(0.133, 0.367, 0.02, 0.214, 0.266) + (0.019, 0.313, 0.115, 0.22, 0.333) = (0.115, 0.033, 0.505, 0.142, 0.205)    sum = 1.000

(0.327, 0.248, 0.037, 0.194, 0.193) + (0.302, 0.176, 0.019, 0.312, 0.191) = (0.044, 0.121, 0.546, 0.208, 0.081)    sum = 1.000

(0.151, 0.392, 0.307, 0.074, 0.075) + (0.132, 0.251, 0.139, 0.272, 0.206) = (0.098, 0.066, 0.608, 0.128, 0.1)    sum = 1.000

(0.252, 0.432, 0.148, 0.042, 0.125) + (0.336, 0.031, 0.233, 0.286, 0.115) = (0.013, 0.13, 0.644, 0.159, 0.054)    sum = 1.000

(0.171, 0.241, 0.223, 0.108, 0.258) + (0.102, 0.249, 0.12, 0.314, 0.215) = (0.06, 0.051, 0.641, 0.132, 0.116)    sum = 1.000

(0.081, 0.269, 0.226, 0.161, 0.263) + (0.294, 0.244, 0.292, 0.003, 0.167) = (0.066, 0.074, 0.648, 0.103, 0.109)    sum = 1.000

(0.056, 0.34, 0.115, 0.396, 0.093) + (0.148, 0.267, 0.249, 0.207, 0.13) = (0.091, 0.046, 0.639, 0.155, 0.069)    sum = 1.000

(0.112, 0.038, 0.167, 0.336, 0.347) + (0.033, 0.327, 0.079, 0.249, 0.313) = (0.012, 0.026, 0.713, 0.124, 0.125)    sum = 1.000

(0.201, 0.175, 0.274, 0.045, 0.306) + (0.322, 0.417, 0.088, 0.12, 0.052) = (0.073, 0.115, 0.563, 0.112, 0.137)    sum = 1.000

(0.0, 0.313, 0.131, 0.266, 0.29) + (0.422, 0.215, 0.216, 0.04, 0.106) = (0.067, 0.088, 0.584, 0.165, 0.096)    sum = 1.000

(0.173, 0.064, 0.279, 0.251, 0.232) + (0.295, 0.125, 0.167, 0.339, 0.074) = (0.008, 0.044, 0.78, 0.134, 0.034)    sum = 1.000

(0.283, 0.309, 0.18, 0.181, 0.047) + (0.029, 0.268, 0.29, 0.306, 0.108) = (0.083, 0.059, 0.665, 0.147, 0.046)    sum = 1.000

(0.31, 0.141, 0.26, 0.116, 0.173) + (0.052, 0.025, 0.272, 0.361, 0.29) = (0.004, 0.015, 0.795, 0.141, 0.045)    sum = 1.000

(0.218, 0.026, 0.269, 0.231, 0.256) + (0.173, 0.184, 0.215, 0.18, 0.248) = (0.005, 0.042, 0.776, 0.123, 0.054)    sum = 1.000

(0.218, 0.379, 0.307, 0.082, 0.014) + (0.003, 0.161, 0.2, 0.262, 0.374) = (0.061, 0.024, 0.622, 0.149, 0.144)    sum = 1.000

(0.21, 0.241, 0.223, 0.16, 0.166) + (0.118, 0.006, 0.282, 0.283, 0.311) = (0.001, 0.028, 0.766, 0.129, 0.076)    sum = 1.000

(0.294, 0.048, 0.344, 0.147, 0.166) + (0.105, 0.194, 0.347, 0.215, 0.139) = (0.009, 0.052, 0.809, 0.091, 0.039)    sum = 1.000

(0.032, 0.244, 0.26, 0.241, 0.224) + (0.153, 0.296, 0.245, 0.235, 0.071) = (0.072, 0.033, 0.686, 0.125, 0.084)    sum = 1.000

(0.086, 0.249, 0.359, 0.301, 0.006) + (0.247, 0.217, 0.105, 0.215, 0.216) = (0.054, 0.061, 0.706, 0.124, 0.055)    sum = 1.000

(0.322, 0.055, 0.027, 0.403, 0.192) + (0.085, 0.298, 0.133, 0.117, 0.366) = (0.016, 0.076, 0.633, 0.198, 0.077)    sum = 1.000

(0.017, 0.276, 0.183, 0.186, 0.339) + (0.113, 0.007, 0.185, 0.161, 0.535) = (0.002, 0.022, 0.756, 0.07, 0.15)    sum = 1.000

(0.266, 0.044, 0.252, 0.062, 0.376) + (0.29, 0.155, 0.189, 0.147, 0.22) = (0.007, 0.062, 0.722, 0.141, 0.068)    sum = 1.000

(0.088, 0.11, 0.132, 0.283, 0.386) + (0.241, 0.123, 0.09, 0.037, 0.508) = (0.014, 0.032, 0.709, 0.142, 0.103)    sum = 1.000

(0.304, 0.158, 0.024, 0.362, 0.152) + (0.301, 0.104, 0.299, 0.129, 0.167) = (0.016, 0.083, 0.707, 0.152, 0.042)    sum = 1.000

(0.021, 0.178, 0.091, 0.291, 0.419) + (0.393, 0.228, 0.195, 0.086, 0.099) = (0.041, 0.053, 0.589, 0.204, 0.113)    sum = 1.000

(0.096, 0.181, 0.39, 0.209, 0.124) + (0.103, 0.277, 0.205, 0.062, 0.353) = (0.05, 0.033, 0.733, 0.086, 0.098)    sum = 1.000

(0.243, 0.216, 0.244, 0.073, 0.224) + (0.273, 0.215, 0.07, 0.346, 0.097) = (0.046, 0.096, 0.638, 0.151, 0.069)    sum = 1.000

(0.119, 0.16, 0.332, 0.132, 0.257) + (0.188, 0.401, 0.167, 0.162, 0.082) = (0.064, 0.059, 0.655, 0.106, 0.116)    sum = 1.000

(0.208, 0.231, 0.201, 0.234, 0.126) + (0.289, 0.057, 0.139, 0.317, 0.198) = (0.013, 0.072, 0.708, 0.154, 0.053)    sum = 1.000

(0.011, 0.113, 0.344, 0.35, 0.182) + (0.215, 0.284, 0.176, 0.095, 0.23) = (0.032, 0.019, 0.744, 0.127, 0.078)    sum = 1.000

(0.098, 0.229, 0.469, 0.058, 0.147) + (0.046, 0.295, 0.452, 0.078, 0.129) = (0.068, 0.028, 0.791, 0.04, 0.073)    sum = 1.000

(0.351, 0.243, 0.155, 0.217, 0.034) + (0.243, 0.263, 0.357, 0.069, 0.068) = (0.064, 0.129, 0.686, 0.096, 0.025)    sum = 1.000

(0.443, 0.03, 0.114, 0.203, 0.21) + (0.092, 0.29, 0.364, 0.013, 0.24) = (0.009, 0.101, 0.691, 0.131, 0.068)    sum = 1.000

(0.051, 0.074, 0.143, 0.384, 0.349) + (0.097, 0.361, 0.25, 0.025, 0.267) = (0.027, 0.019, 0.67, 0.138, 0.146)    sum = 1.000

(0.094, 0.106, 0.396, 0.11, 0.295) + (0.217, 0.317, 0.084, 0.163, 0.218) = (0.034, 0.042, 0.703, 0.104, 0.117)    sum = 1.000

(0.275, 0.096, 0.359, 0.188, 0.081) + (0.241, 0.169, 0.19, 0.134, 0.266) = (0.016, 0.068, 0.758, 0.119, 0.039)    sum = 1.000

(0.25, 0.123, 0.341, 0.197, 0.088) + (0.21, 0.236, 0.174, 0.149, 0.231) = (0.029, 0.074, 0.728, 0.12, 0.049)    sum = 1.000

(0.103, 0.188, 0.021, 0.328, 0.36) + (0.29, 0.025, 0.06, 0.28, 0.345) = (0.005, 0.048, 0.698, 0.175, 0.074)    sum = 1.000

(0.032, 0.286, 0.036, 0.266, 0.379) + (0.23, 0.117, 0.198, 0.296, 0.159) = (0.033, 0.049, 0.666, 0.162, 0.09)    sum = 1.000

(0.296, 0.226, 0.351, 0.067, 0.06) + (0.152, 0.176, 0.225, 0.232, 0.215) = (0.04, 0.073, 0.71, 0.118, 0.059)    sum = 1.000

(0.349, 0.365, 0.032, 0.055, 0.199) + (0.285, 0.215, 0.093, 0.282, 0.124) = (0.078, 0.153, 0.5, 0.181, 0.088)    sum = 1.000

(0.178, 0.088, 0.389, 0.022, 0.323) + (0.242, 0.244, 0.064, 0.408, 0.042) = (0.021, 0.058, 0.727, 0.111, 0.083)    sum = 1.000

(0.236, 0.187, 0.294, 0.27, 0.014) + (0.41, 0.074, 0.218, 0.079, 0.219) = (0.014, 0.095, 0.744, 0.105, 0.042)    sum = 1.000

(0.268, 0.209, 0.079, 0.193, 0.251) + (0.325, 0.22, 0.006, 0.082, 0.368) = (0.046, 0.114, 0.52, 0.188, 0.132)    sum = 1.000

(0.283, 0.277, 0.2, 0.133, 0.107) + (0.001, 0.264, 0.28, 0.206, 0.249) = (0.073, 0.05, 0.652, 0.128, 0.097)    sum = 1.000

(0.075, 0.132, 0.405, 0.227, 0.16) + (0.394, 0.015, 0.116, 0.068, 0.407) = (0.002, 0.045, 0.795, 0.102, 0.056)    sum = 1.000

(0.33, 0.059, 0.328, 0.021, 0.263) + (0.161, 0.105, 0.319, 0.022, 0.393) = (0.006, 0.047, 0.775, 0.121, 0.051)    sum = 1.000

(0.429, 0.008, 0.288, 0.084, 0.192) + (0.401, 0.077, 0.275, 0.179, 0.069) = (0.001, 0.082, 0.789, 0.113, 0.015)    sum = 1.000

(0.294, 0.185, 0.13, 0.177, 0.215) + (0.178, 0.174, 0.273, 0.278, 0.096) = (0.032, 0.074, 0.702, 0.137, 0.055)    sum = 1.000

(0.317, 0.099, 0.072, 0.216, 0.296) + (0.023, 0.075, 0.352, 0.292, 0.258) = (0.007, 0.02, 0.803, 0.122, 0.048)    sum = 1.000

(0.168, 0.284, 0.28, 0.081, 0.186) + (0.154, 0.19, 0.139, 0.209, 0.308) = (0.054, 0.059, 0.645, 0.119, 0.123)    sum = 1.000

(0.208, 0.117, 0.305, 0.175, 0.194) + (0.012, 0.031, 0.383, 0.275, 0.299) = (0.004, 0.006, 0.861, 0.088, 0.041)    sum = 1.000

(0.021, 0.224, 0.32, 0.128, 0.307) + (0.195, 0.043, 0.186, 0.428, 0.148) = (0.01, 0.031, 0.792, 0.121, 0.046)    sum = 1.000

(0.074, 0.319, 0.067, 0.222, 0.318) + (0.258, 0.211, 0.226, 0.064, 0.242) = (0.067, 0.072, 0.585, 0.132, 0.144)    sum = 1.000

(0.292, 0.304, 0.132, 0.124, 0.149) + (0.234, 0.026, 0.24, 0.216, 0.284) = (0.008, 0.075, 0.672, 0.155, 0.09)    sum = 1.000

(0.198, 0.302, 0.24, 0.143, 0.117) + (0.053, 0.244, 0.255, 0.218, 0.231) = (0.074, 0.046, 0.663, 0.119, 0.098)    sum = 1.000

(0.151, 0.219, 0.279, 0.16, 0.191) + (0.019, 0.192, 0.348, 0.4, 0.041) = (0.042, 0.023, 0.782, 0.107, 0.046)    sum = 1.000

(0.076, 0.228, 0.278, 0.293, 0.125) + (0.223, 0.013, 0.261, 0.236, 0.267) = (0.003, 0.04, 0.796, 0.098, 0.063)    sum = 1.000

(0.176, 0.212, 0.107, 0.319, 0.186) + (0.313, 0.304, 0.175, 0.079, 0.129) = (0.064, 0.098, 0.586, 0.168, 0.084)    sum = 1.000

(0.143, 0.113, 0.085, 0.45, 0.21) + (0.343, 0.081, 0.146, 0.096, 0.335) = (0.009, 0.05, 0.718, 0.168, 0.055)    sum = 1.000

(0.189, 0.101, 0.019, 0.376, 0.315) + (0.292, 0.197, 0.003, 0.299, 0.209) = (0.02, 0.063, 0.621, 0.213, 0.083)    sum = 1.000

(0.346, 0.042, 0.037, 0.341, 0.234) + (0.158, 0.009, 0.167, 0.493, 0.173) = (0.0, 0.025, 0.811, 0.155, 0.009)    sum = 1.000

(0.267, 0.007, 0.412, 0.257, 0.058) + (0.235, 0.298, 0.043, 0.101, 0.324) = (0.002, 0.075, 0.756, 0.147, 0.02)    sum = 1.000

(0.195, 0.329, 0.294, 0.141, 0.042) + (0.15, 0.192, 0.244, 0.235, 0.18) = (0.063, 0.068, 0.682, 0.12, 0.067)    sum = 1.000

(0.074, 0.016, 0.307, 0.368, 0.235) + (0.235, 0.201, 0.174, 0.039, 0.351) = (0.003, 0.018, 0.792, 0.134, 0.053)    sum = 1.000

(0.102, 0.109, 0.5, 0.251, 0.039) + (0.386, 0.017, 0.459, 0.09, 0.048) = (0.002, 0.042, 0.892, 0.058, 0.006)    sum = 1.000

(0.396, 0.183, 0.188, 0.074, 0.158) + (0.203, 0.177, 0.225, 0.269, 0.126) = (0.032, 0.098, 0.682, 0.137, 0.051)    sum = 1.000

(0.017, 0.419, 0.234, 0.038, 0.292) + (0.252, 0.092, 0.1, 0.268, 0.287) = (0.039, 0.073, 0.607, 0.134, 0.147)    sum = 1.000

(0.1, 0.433, 0.191, 0.023, 0.253) + (0.03, 0.124, 0.384, 0.083, 0.379) = (0.054, 0.018, 0.674, 0.059, 0.195)    sum = 1.000

(0.003, 0.276, 0.304, 0.319, 0.098) + (0.223, 0.298, 0.192, 0.252, 0.035) = (0.082, 0.042, 0.689, 0.148, 0.039)    sum = 1.000

(0.242, 0.051, 0.316, 0.039, 0.352) + (0.11, 0.316, 0.066, 0.36, 0.148) = (0.016, 0.064, 0.7, 0.101, 0.119)    sum = 1.000

(0.205, 0.261, 0.267, 0.067, 0.2) + (0.182, 0.161, 0.203, 0.225, 0.23) = (0.042, 0.066, 0.679, 0.121, 0.092)    sum = 1.000

(0.312, 0.29, 0.214, 0.043, 0.141) + (0.154, 0.299, 0.035, 0.307, 0.205) = (0.087, 0.108, 0.544, 0.159, 0.102)    sum = 1.000

(0.265, 0.227, 0.165, 0.26, 0.083) + (0.317, 0.354, 0.141, 0.104, 0.084) = (0.08, 0.139, 0.587, 0.146, 0.048)    sum = 1.000

(0.293, 0.235, 0.282, 0.178, 0.012) + (0.038, 0.474, 0.097, 0.278, 0.112) = (0.111, 0.102, 0.604, 0.151, 0.032)    sum = 1.000

(0.395, 0.051, 0.131, 0.24, 0.183) + (0.022, 0.216, 0.174, 0.037, 0.552) = (0.011, 0.061, 0.67, 0.19, 0.068)    sum = 1.000

(0.169, 0.168, 0.324, 0.015, 0.324) + (0.245, 0.017, 0.073, 0.107, 0.559) = (0.003, 0.043, 0.72, 0.135, 0.099)    sum = 1.000

(0.084, 0.059, 0.355, 0.371, 0.131) + (0.202, 0.047, 0.105, 0.322, 0.324) = (0.003, 0.016, 0.862, 0.094, 0.025)    sum = 1.000

(0.362, 0.112, 0.011, 0.219, 0.296) + (0.109, 0.335, 0.27, 0.007, 0.279) = (0.038, 0.102, 0.583, 0.147, 0.13)    sum = 1.000

(0.324, 0.145, 0.283, 0.173, 0.076) + (0.253, 0.247, 0.21, 0.038, 0.252) = (0.036, 0.105, 0.686, 0.118, 0.055)    sum = 1.000

(0.392, 0.236, 0.004, 0.263, 0.106) + (0.152, 0.215, 0.271, 0.154, 0.208) = (0.051, 0.1, 0.617, 0.16, 0.072)    sum = 1.000

(0.475, 0.379, 0.041, 0.038, 0.067) + (0.119, 0.201, 0.209, 0.202, 0.269) = (0.076, 0.113, 0.516, 0.18, 0.115)    sum = 1.000

(0.135, 0.4, 0.223, 0.092, 0.15) + (0.061, 0.228, 0.523, 0.167, 0.02) = (0.091, 0.04, 0.751, 0.076, 0.042)    sum = 1.000

(0.155, 0.23, 0.231, 0.105, 0.278) + (0.03, 0.244, 0.236, 0.413, 0.077) = (0.056, 0.031, 0.711, 0.116, 0.086)    sum = 1.000

(0.307, 0.261, 0.14, 0.23, 0.062) + (0.219, 0.305, 0.304, 0.008, 0.164) = (0.08, 0.123, 0.627, 0.108, 0.062)    sum = 1.000

(0.123, 0.345, 0.122, 0.289, 0.121) + (0.419, 0.387, 0.011, 0.052, 0.132) = (0.134, 0.145, 0.455, 0.174, 0.092)    sum = 1.000

(0.244, 0.043, 0.458, 0.145, 0.109) + (0.043, 0.251, 0.362, 0.322, 0.022) = (0.011, 0.046, 0.847, 0.068, 0.028)    sum = 1.000

(0.276, 0.226, 0.096, 0.205, 0.197) + (0.274, 0.079, 0.166, 0.271, 0.21) = (0.018, 0.081, 0.668, 0.17, 0.063)    sum = 1.000

(0.266, 0.217, 0.146, 0.138, 0.233) + (0.271, 0.247, 0.153, 0.298, 0.031) = (0.054, 0.107, 0.623, 0.152, 0.064)    sum = 1.000

(0.142, 0.29, 0.283, 0.103, 0.182) + (0.099, 0.231, 0.241, 0.2, 0.229) = (0.067, 0.046, 0.678, 0.101, 0.108)    sum = 1.000

(0.255, 0.31, 0.383, 0.007, 0.045) + (0.309, 0.279, 0.036, 0.21, 0.166) = (0.086, 0.138, 0.611, 0.101, 0.064)    sum = 1.000

(0.234, 0.079, 0.251, 0.232, 0.204) + (0.053, 0.408, 0.044, 0.333, 0.163) = (0.032, 0.071, 0.658, 0.143, 0.096)    sum = 1.000

(0.285, 0.286, 0.187, 0.109, 0.133) + (0.12, 0.285, 0.303, 0.037, 0.254) = (0.082, 0.088, 0.624, 0.095, 0.111)    sum = 1.000

(0.284, 0.214, 0.26, 0.055, 0.187) + (0.162, 0.251, 0.103, 0.256, 0.228) = (0.054, 0.086, 0.628, 0.136, 0.096)    sum = 1.000

(0.027, 0.237, 0.415, 0.102, 0.22) + (0.296, 0.182, 0.024, 0.348, 0.149) = (0.043, 0.053, 0.702, 0.127, 0.075)    sum = 1.000

(0.038, 0.365, 0.099, 0.125, 0.373) + (0.063, 0.417, 0.056, 0.05, 0.414) = (0.152, 0.027, 0.438, 0.076, 0.307)    sum = 1.000

(0.141, 0.283, 0.231, 0.029, 0.316) + (0.166, 0.312, 0.169, 0.2, 0.153) = (0.088, 0.068, 0.598, 0.104, 0.142)    sum = 1.000

(0.245, 0.238, 0.229, 0.225, 0.063) + (0.493, 0.114, 0.135, 0.178, 0.08) = (0.027, 0.137, 0.679, 0.131, 0.026)    sum = 1.000

(0.219, 0.305, 0.157, 0.105, 0.214) + (0.027, 0.255, 0.268, 0.158, 0.293) = (0.078, 0.045, 0.624, 0.109, 0.144)    sum = 1.000

(0.053, 0.281, 0.288, 0.091, 0.288) + (0.165, 0.119, 0.23, 0.243, 0.243) = (0.033, 0.038, 0.724, 0.102, 0.103)    sum = 1.000

(0.352, 0.2, 0.008, 0.404, 0.036) + (0.011, 0.256, 0.272, 0.187, 0.274) = (0.051, 0.063, 0.64, 0.182, 0.064)    sum = 1.000

(0.119, 0.19, 0.361, 0.205, 0.125) + (0.247, 0.215, 0.222, 0.008, 0.309) = (0.041, 0.058, 0.722, 0.093, 0.086)    sum = 1.000

(0.153, 0.324, 0.228, 0.186, 0.109) + (0.003, 0.21, 0.283, 0.219, 0.286) = (0.068, 0.022, 0.68, 0.114, 0.116)    sum = 1.000

(0.297, 0.203, 0.199, 0.166, 0.135) + (0.0, 0.165, 0.159, 0.466, 0.21) = (0.033, 0.033, 0.7, 0.169, 0.065)    sum = 1.000

(0.218, 0.326, 0.006, 0.269, 0.181) + (0.475, 0.066, 0.063, 0.216, 0.179) = (0.022, 0.147, 0.561, 0.2, 0.07)    sum = 1.000

(0.319, 0.25, 0.008, 0.203, 0.22) + (0.286, 0.289, 0.219, 0.077, 0.129) = (0.072, 0.14, 0.543, 0.149, 0.096)    sum = 1.000

(0.007, 0.39, 0.331, 0.227, 0.046) + (0.074, 0.08, 0.11, 0.346, 0.389) = (0.031, 0.02, 0.681, 0.113, 0.155)    sum = 1.000

(0.02, 0.238, 0.218, 0.256, 0.268) + (0.064, 0.31, 0.369, 0.187, 0.07) = (0.074, 0.015, 0.709, 0.102, 0.1)    sum = 1.000

(0.116, 0.222, 0.309, 0.095, 0.257) + (0.135, 0.31, 0.395, 0.002, 0.158) = (0.069, 0.049, 0.707, 0.06, 0.115)    sum = 1.000

(0.018, 0.199, 0.409, 0.276, 0.099) + (0.222, 0.184, 0.297, 0.185, 0.112) = (0.037, 0.033, 0.793, 0.096, 0.041)    sum = 1.000

(0.009, 0.326, 0.124, 0.314, 0.227) + (0.074, 0.189, 0.229, 0.461, 0.045) = (0.062, 0.017, 0.703, 0.16, 0.058)    sum = 1.000

(0.331, 0.1, 0.278, 0.066, 0.225) + (0.072, 0.048, 0.308, 0.333, 0.24) = (0.005, 0.023, 0.811, 0.126, 0.035)    sum = 1.000

(0.023, 0.322, 0.232, 0.1, 0.323) + (0.112, 0.353, 0.121, 0.136, 0.278) = (0.114, 0.03, 0.566, 0.086, 0.204)    sum = 1.000

(0.275, 0.089, 0.226, 0.113, 0.296) + (0.15, 0.048, 0.197, 0.31, 0.295) = (0.004, 0.031, 0.785, 0.14, 0.04)    sum = 1.000

(0.147, 0.138, 0.321, 0.327, 0.067) + (0.26, 0.263, 0.294, 0.028, 0.155) = (0.036, 0.062, 0.747, 0.116, 0.039)    sum = 1.000

(0.177, 0.289, 0.047, 0.155, 0.332) + (0.263, 0.478, 0.068, 0.08, 0.111) = (0.138, 0.123, 0.394, 0.154, 0.191)    sum = 1.000

(0.158, 0.079, 0.264, 0.361, 0.138) + (0.381, 0.327, 0.004, 0.257, 0.031) = (0.026, 0.075, 0.661, 0.19, 0.048)    sum = 1.000

(0.155, 0.295, 0.239, 0.176, 0.135) + (0.089, 0.257, 0.206, 0.252, 0.196) = (0.076, 0.049, 0.656, 0.126, 0.093)    sum = 1.000

(0.264, 0.148, 0.181, 0.142, 0.265) + (0.284, 0.067, 0.293, 0.11, 0.245) = (0.01, 0.065, 0.737, 0.134, 0.054)    sum = 1.000

(0.14, 0.153, 0.155, 0.214, 0.338) + (0.253, 0.244, 0.172, 0.259, 0.071) = (0.037, 0.06, 0.655, 0.155, 0.093)    sum = 1.000

(0.298, 0.263, 0.16, 0.048, 0.231) + (0.068, 0.333, 0.164, 0.281, 0.153) = (0.088, 0.085, 0.58, 0.13, 0.117)    sum = 1.000

(0.294, 0.164, 0.076, 0.298, 0.168) + (0.258, 0.366, 0.063, 0.133, 0.181) = (0.06, 0.125, 0.534, 0.19, 0.091)    sum = 1.000

(0.233, 0.281, 0.18, 0.113, 0.192) + (0.238, 0.238, 0.055, 0.201, 0.269) = (0.067, 0.1, 0.56, 0.152, 0.121)    sum = 1.000

(0.052, 0.087, 0.266, 0.558, 0.037) + (0.19, 0.308, 0.157, 0.069, 0.276) = (0.027, 0.025, 0.744, 0.169, 0.035)    sum = 1.000

(0.094, 0.05, 0.305, 0.174, 0.377) + (0.254, 0.146, 0.343, 0.233, 0.025) = (0.007, 0.026, 0.799, 0.112, 0.056)    sum = 1.000

(0.234, 0.161, 0.156, 0.235, 0.214) + (0.471, 0.117, 0.223, 0.112, 0.077) = (0.019, 0.106, 0.683, 0.155, 0.037)    sum = 1.000

(0.198, 0.258, 0.073, 0.183, 0.289) + (0.124, 0.142, 0.168, 0.301, 0.265) = (0.037, 0.048, 0.651, 0.155, 0.109)    sum = 1.000

(0.031, 0.448, 0.204, 0.151, 0.166) + (0.262, 0.228, 0.158, 0.343, 0.009) = (0.102, 0.086, 0.599, 0.171, 0.042)    sum = 1.000

(0.433, 0.169, 0.344, 0.05, 0.004) + (0.303, 0.106, 0.194, 0.116, 0.282) = (0.018, 0.108, 0.705, 0.121, 0.048)    sum = 1.000

(0.426, 0.257, 0.04, 0.195, 0.081) + (0.292, 0.035, 0.067, 0.316, 0.289) = (0.009, 0.101, 0.593, 0.22, 0.077)    sum = 1.000

(0.015, 0.025, 0.292, 0.284, 0.384) + (0.377, 0.117, 0.344, 0.014, 0.148) = (0.003, 0.009, 0.783, 0.156, 0.049)    sum = 1.000

(0.265, 0.255, 0.218, 0.256, 0.007) + (0.023, 0.491, 0.082, 0.049, 0.354) = (0.125, 0.093, 0.527, 0.161, 0.094)    sum = 1.000

(0.475, 0.062, 0.187, 0.069, 0.207) + (0.056, 0.324, 0.005, 0.402, 0.213) = (0.02, 0.114, 0.614, 0.172, 0.08)    sum = 1.000

(0.277, 0.227, 0.22, 0.181, 0.094) + (0.128, 0.132, 0.288, 0.379, 0.072) = (0.03, 0.056, 0.748, 0.137, 0.029)    sum = 1.000

(0.238, 0.328, 0.127, 0.036, 0.271) + (0.086, 0.207, 0.274, 0.211, 0.222) = (0.068, 0.058, 0.625, 0.12, 0.129)    sum = 1.000

(0.087, 0.054, 0.297, 0.259, 0.303) + (0.43, 0.0, 0.116, 0.186, 0.268) = (0.0, 0.028, 0.806, 0.152, 0.014)    sum = 1.000

(0.249, 0.21, 0.138, 0.162, 0.241) + (0.339, 0.024, 0.006, 0.299, 0.331) = (0.005, 0.08, 0.643, 0.197, 0.075)    sum = 1.000

(0.402, 0.198, 0.08, 0.206, 0.113) + (0.121, 0.323, 0.306, 0.235, 0.015) = (0.064, 0.119, 0.65, 0.128, 0.039)    sum = 1.000

(0.304, 0.166, 0.091, 0.198, 0.242) + (0.02, 0.207, 0.277, 0.212, 0.284) = (0.034, 0.046, 0.689, 0.134, 0.097)    sum = 1.000

(0.371, 0.343, 0.047, 0.237, 0.002) + (0.146, 0.308, 0.065, 0.179, 0.302) = (0.106, 0.128, 0.464, 0.198, 0.104)    sum = 1.000

(0.087, 0.031, 0.373, 0.149, 0.361) + (0.18, 0.203, 0.234, 0.18, 0.202) = (0.006, 0.021, 0.8, 0.093, 0.08)    sum = 1.000

(0.195, 0.231, 0.187, 0.075, 0.313) + (0.032, 0.079, 0.198, 0.675, 0.016) = (0.018, 0.017, 0.776, 0.161, 0.028)    sum = 1.000

(0.04, 0.111, 0.282, 0.297, 0.27) + (0.05, 0.03, 0.213, 0.138, 0.568) = (0.003, 0.005, 0.874, 0.047, 0.071)    sum = 1.000

(0.07, 0.303, 0.143, 0.323, 0.16) + (0.273, 0.139, 0.211, 0.03, 0.347) = (0.042, 0.068, 0.652, 0.111, 0.127)    sum = 1.000

(0.267, 0.027, 0.314, 0.138, 0.254) + (0.208, 0.106, 0.413, 0.095, 0.177) = (0.003, 0.041, 0.828, 0.096, 0.032)    sum = 1.000

(0.376, 0.103, 0.0, 0.133, 0.388) + (0.421, 0.031, 0.376, 0.06, 0.113) = (0.003, 0.089, 0.714, 0.17, 0.024)    sum = 1.000

(0.167, 0.232, 0.203, 0.208, 0.19) + (0.201, 0.237, 0.26, 0.237, 0.065) = (0.055, 0.069, 0.687, 0.129, 0.06)    sum = 1.000

(0.232, 0.009, 0.137, 0.318, 0.303) + (0.194, 0.318, 0.06, 0.323, 0.105) = (0.003, 0.065, 0.665, 0.17, 0.097)    sum = 1.000

(0.159, 0.227, 0.155, 0.222, 0.238) + (0.238, 0.383, 0.059, 0.184, 0.137) = (0.087, 0.089, 0.538, 0.164, 0.122)    sum = 1.000

(0.258, 0.149, 0.239, 0.144, 0.21) + (0.2, 0.072, 0.132, 0.278, 0.318) = (0.011, 0.049, 0.726, 0.151, 0.063)    sum = 1.000

(0.062, 0.443, 0.065, 0.389, 0.04) + (0.239, 0.152, 0.309, 0.084, 0.216) = (0.067, 0.082, 0.637, 0.112, 0.102)    sum = 1.000

(0.03, 0.322, 0.454, 0.075, 0.12) + (0.127, 0.203, 0.109, 0.205, 0.357) = (0.065, 0.033, 0.686, 0.077, 0.139)    sum = 1.000

(0.623, 0.019, 0.118, 0.033, 0.207) + (0.182, 0.313, 0.116, 0.179, 0.21) = (0.006, 0.17, 0.594, 0.161, 0.069)    sum = 1.000

(0.003, 0.197, 0.212, 0.265, 0.323) + (0.087, 0.341, 0.198, 0.169, 0.205) = (0.067, 0.012, 0.661, 0.109, 0.151)    sum = 1.000

(0.237, 0.02, 0.212, 0.427, 0.104) + (0.049, 0.255, 0.184, 0.425, 0.086) = (0.005, 0.045, 0.786, 0.136, 0.028)    sum = 1.000

(0.07, 0.275, 0.184, 0.096, 0.374) + (0.192, 0.099, 0.128, 0.258, 0.324) = (0.027, 0.044, 0.674, 0.129, 0.126)    sum = 1.000

(0.36, 0.072, 0.042, 0.315, 0.211) + (0.025, 0.247, 0.177, 0.415, 0.136) = (0.018, 0.063, 0.697, 0.16, 0.062)    sum = 1.000

(0.315, 0.063, 0.103, 0.227, 0.292) + (0.298, 0.058, 0.183, 0.173, 0.288) = (0.004, 0.056, 0.73, 0.175, 0.035)    sum = 1.000

(0.462, 0.15, 0.183, 0.112, 0.093) + (0.052, 0.368, 0.033, 0.146, 0.4) = (0.055, 0.127, 0.531, 0.193, 0.094)    sum = 1.000

(0.243, 0.088, 0.154, 0.217, 0.297) + (0.099, 0.379, 0.143, 0.116, 0.263) = (0.033, 0.075, 0.616, 0.14, 0.136)    sum = 1.000

(0.004, 0.208, 0.34, 0.151, 0.297) + (0.273, 0.175, 0.32, 0.074, 0.157) = (0.036, 0.039, 0.744, 0.096, 0.085)    sum = 1.000

(0.174, 0.159, 0.341, 0.287, 0.038) + (0.189, 0.347, 0.026, 0.419, 0.019) = (0.055, 0.071, 0.698, 0.16, 0.016)    sum = 1.000

(0.2, 0.055, 0.289, 0.163, 0.293) + (0.015, 0.285, 0.503, 0.195, 0.002) = (0.016, 0.04, 0.805, 0.055, 0.084)    sum = 1.000

(0.241, 0.266, 0.003, 0.229, 0.261) + (0.425, 0.055, 0.177, 0.243, 0.1) = (0.015, 0.118, 0.633, 0.193, 0.041)    sum = 1.000

(0.218, 0.236, 0.206, 0.208, 0.133) + (0.094, 0.028, 0.442, 0.387, 0.049) = (0.007, 0.026, 0.837, 0.115, 0.015)    sum = 1.000

(0.263, 0.024, 0.269, 0.207, 0.236) + (0.108, 0.286, 0.361, 0.175, 0.071) = (0.007, 0.061, 0.768, 0.095, 0.069)    sum = 1.000

(0.237, 0.15, 0.229, 0.191, 0.192) + (0.325, 0.227, 0.002, 0.34, 0.106) = (0.034, 0.094, 0.644, 0.169, 0.059)    sum = 1.000

(0.306, 0.282, 0.038, 0.356, 0.018) + (0.338, 0.2, 0.156, 0.105, 0.201) = (0.056, 0.139, 0.582, 0.163, 0.06)    sum = 1.000

(0.173, 0.067, 0.213, 0.315, 0.231) + (0.224, 0.073, 0.232, 0.216, 0.256) = (0.005, 0.031, 0.805, 0.125, 0.034)    sum = 1.000

(0.053, 0.271, 0.348, 0.012, 0.316) + (0.168, 0.232, 0.297, 0.254, 0.049) = (0.063, 0.042, 0.718, 0.09, 0.087)    sum = 1.000

(0.063, 0.186, 0.289, 0.177, 0.285) + (0.227, 0.235, 0.009, 0.311, 0.218) = (0.044, 0.043, 0.666, 0.139, 0.108)    sum = 1.000

(0.203, 0.196, 0.207, 0.208, 0.186) + (0.029, 0.002, 0.367, 0.284, 0.318) = (0.0, 0.006, 0.826, 0.105, 0.063)    sum = 1.000

(0.22, 0.196, 0.203, 0.093, 0.288) + (0.363, 0.124, 0.178, 0.302, 0.033) = (0.024, 0.092, 0.687, 0.155, 0.042)    sum = 1.000

(0.048, 0.207, 0.276, 0.324, 0.145) + (0.031, 0.191, 0.248, 0.268, 0.262) = (0.04, 0.011, 0.77, 0.097, 0.082)    sum = 1.000

(0.238, 0.018, 0.108, 0.296, 0.34) + (0.174, 0.369, 0.094, 0.189, 0.174) = (0.007, 0.074, 0.616, 0.174, 0.129)    sum = 1.000

(0.24, 0.099, 0.244, 0.191, 0.226) + (0.253, 0.204, 0.135, 0.293, 0.115) = (0.02, 0.07, 0.712, 0.141, 0.057)    sum = 1.000

(0.267, 0.244, 0.192, 0.144, 0.153) + (0.315, 0.07, 0.353, 0.065, 0.197) = (0.017, 0.092, 0.727, 0.105, 0.059)    sum = 1.000

(0.043, 0.279, 0.401, 0.222, 0.056) + (0.355, 0.252, 0.21, 0.161, 0.022) = (0.07, 0.078, 0.722, 0.11, 0.02)    sum = 1.000

(0.02, 0.102, 0.199, 0.341, 0.338) + (0.079, 0.119, 0.207, 0.349, 0.246) = (0.012, 0.007, 0.833, 0.083, 0.065)    sum = 1.000

(0.311, 0.177, 0.011, 0.495, 0.007) + (0.198, 0.152, 0.343, 0.272, 0.036) = (0.027, 0.075, 0.739, 0.152, 0.007)    sum = 1.000

(0.089, 0.127, 0.299, 0.185, 0.301) + (0.001, 0.251, 0.406, 0.325, 0.016) = (0.032, 0.015, 0.806, 0.069, 0.078)    sum = 1.000

(0.088, 0.233, 0.233, 0.069, 0.377) + (0.133, 0.084, 0.245, 0.337, 0.201) = (0.02, 0.029, 0.758, 0.114, 0.079)    sum = 1.000

(0.401, 0.02, 0.154, 0.272, 0.153) + (0.264, 0.105, 0.062, 0.315, 0.255) = (0.002, 0.067, 0.726, 0.184, 0.021)    sum = 1.000

(0.17, 0.225, 0.097, 0.366, 0.141) + (0.07, 0.182, 0.378, 0.369, 0.001) = (0.041, 0.035, 0.762, 0.136, 0.026)    sum = 1.000

(0.181, 0.101, 0.226, 0.192, 0.299) + (0.233, 0.32, 0.108, 0.167, 0.173) = (0.032, 0.068, 0.642, 0.145, 0.113)    sum = 1.000

(0.293, 0.565, 0.047, 0.081, 0.015) + (0.564, 0.283, 0.061, 0.086, 0.006) = (0.16, 0.323, 0.431, 0.078, 0.008)    sum = 1.000

(0.015, 0.22, 0.272, 0.225, 0.268) + (0.293, 0.251, 0.025, 0.19, 0.241) = (0.055, 0.047, 0.635, 0.143, 0.12)    sum = 1.000

(0.496, 0.002, 0.387, 0.086, 0.029) + (0.287, 0.102, 0.323, 0.033, 0.255) = (0.0, 0.082, 0.806, 0.109, 0.003)    sum = 1.000

(0.202, 0.252, 0.038, 0.209, 0.298) + (0.254, 0.206, 0.256, 0.179, 0.106) = (0.052, 0.088, 0.619, 0.153, 0.088)    sum = 1.000

(0.01, 0.348, 0.049, 0.24, 0.353) + (0.131, 0.295, 0.194, 0.068, 0.312) = (0.103, 0.033, 0.544, 0.107, 0.213)    sum = 1.000

(0.228, 0.165, 0.149, 0.051, 0.407) + (0.113, 0.265, 0.197, 0.13, 0.295) = (0.044, 0.061, 0.627, 0.111, 0.157)    sum = 1.000

(0.252, 0.003, 0.238, 0.273, 0.234) + (0.146, 0.198, 0.182, 0.183, 0.29) = (0.001, 0.046, 0.769, 0.137, 0.047)    sum = 1.000

(0.164, 0.04, 0.289, 0.211, 0.295) + (0.247, 0.144, 0.095, 0.166, 0.348) = (0.006, 0.036, 0.764, 0.138, 0.056)    sum = 1.000

(0.191, 0.354, 0.04, 0.11, 0.305) + (0.203, 0.241, 0.177, 0.258, 0.121) = (0.085, 0.092, 0.548, 0.159, 0.116)    sum = 1.000

(0.316, 0.158, 0.17, 0.338, 0.018) + (0.223, 0.19, 0.311, 0.153, 0.123) = (0.03, 0.087, 0.731, 0.129, 0.023)    sum = 1.000

(0.013, 0.02, 0.354, 0.211, 0.402) + (0.263, 0.036, 0.208, 0.217, 0.276) = (0.001, 0.005, 0.874, 0.1, 0.02)    sum = 1.000

(0.485, 0.185, 0.0, 0.18, 0.149) + (0.359, 0.336, 0.081, 0.124, 0.099) = (0.062, 0.211, 0.494, 0.165, 0.068)    sum = 1.000

(0.128, 0.174, 0.363, 0.3, 0.035) + (0.426, 0.029, 0.132, 0.254, 0.159) = (0.005, 0.07, 0.784, 0.112, 0.029)    sum = 1.000

(0.238, 0.231, 0.164, 0.142, 0.225) + (0.208, 0.219, 0.054, 0.252, 0.268) = (0.051, 0.083, 0.592, 0.163, 0.111)    sum = 1.000

(0.293, 0.221, 0.257, 0.124, 0.104) + (0.01, 0.3, 0.235, 0.309, 0.146) = (0.066, 0.061, 0.68, 0.13, 0.063)    sum = 1.000

(0.047, 0.273, 0.071, 0.383, 0.226) + (0.033, 0.302, 0.077, 0.402, 0.186) = (0.082, 0.016, 0.611, 0.172, 0.119)    sum = 1.000

(0.206, 0.292, 0.271, 0.029, 0.202) + (0.256, 0.008, 0.4, 0.195, 0.14) = (0.002, 0.069, 0.779, 0.108, 0.042)    sum = 1.000

